500
1 49 92
2 3 94
3 69 50
4 44 98
5 18 45
6 26 71
7 81 67
8 60 42
9 7 55
10 96 37
11 34 41
12 60 57
13 84 74
14 85 68
15 100 86
16 42 78
17 49 63
18 38 9
19 13 1
20 21 4
21 69 30
22 70 69
23 39 60
24 38 19
25 62 88
26 58 39
27 84 17
28 56 66
29 4 3
30 37 65
31 70 60
32 17 82
33 90 54
34 41 12
35 88 28
36 5 81
37 24 12
38 39 50
39 20 1
40 55 19
41 80 79
42 78 46
43 92 32
44 23 14
45 77 72
46 75 29
47 70 64
48 0 6
49 75 99
50 100 40
51 36 75
52 15 75
53 76 95
54 94 75
55 19 3
56 14 6
57 91 46
58 60 10
59 96 22
60 80 38
61 79 10
62 26 17
63 40 40
64 1 36
65 27 29
66 7 73
67 84 88
68 81 76
69 96 48
70 53 21
71 20 72
72 78 17
73 83 84
74 76 10
75 81 50
76 41 68
77 60 37
78 35 79
79 69 87
80 57 1
81 94 46
82 58 28
83 80 2
84 99 36
85 83 13
86 33 52
87 70 81
88 50 87
89 58 10
90 8 16
91 17 36
92 38 60
93 68 21
94 88 61
95 21 39
96 77 50
97 9 61
98 85 52
99 31 20
100 64 20
101 42 4
102 40 52
103 54 4
104 20 30
105 85 43
106 31 94
107 82 70
108 74 84
109 100 52
110 17 21
111 49 2
112 61 90
113 72 64
114 29 69
115 21 79
116 25 49
117 92 59
118 70 36
119 38 69
120 67 8
121 66 56
122 52 71
123 77 84
124 11 85
125 64 12
126 13 88
127 5 40
128 1 50
129 64 36
130 97 95
131 19 94
132 100 56
133 27 67
134 73 40
135 85 72
136 14 48
137 39 67
138 86 48
139 12 9
140 49 8
141 41 15
142 57 4
143 7 33
144 71 85
145 92 81
146 69 39
147 75 60
148 52 24
149 83 46
150 28 3
151 26 87
152 54 20
153 90 76
154 53 36
155 24 61
156 67 92
157 45 15
158 29 9
159 24 90
160 7 62
161 36 41
162 2 79
163 6 20
164 19 57
165 42 38
166 45 34
167 12 29
168 66 6
169 25 35
170 9 36
171 17 58
172 25 92
173 91 2
174 91 4
175 48 31
176 73 3
177 19 20
178 19 91
179 45 82
180 5 71
181 20 94
182 15 40
183 90 39
184 6 88
185 78 10
186 4 40
187 35 63
188 45 75
189 27 90
190 64 86
191 49 21
192 15 72
193 74 29
194 6 35
195 27 70
196 73 67
197 55 54
198 44 100
199 95 5
200 28 8
201 13 32
202 26 31
203 22 31
204 100 71
205 9 98
206 54 27
207 67 4
208 87 46
209 80 31
210 25 7
211 27 82
212 98 96
213 46 15
214 12 38
215 89 36
216 47 96
217 3 33
218 89 15
219 14 16
220 74 8
221 51 90
222 11 84
223 62 93
224 27 13
225 96 97
226 27 81
227 80 91
228 44 14
229 30 56
230 60 47
231 74 20
232 17 56
233 1 57
234 14 81
235 13 26
236 77 3
237 33 61
238 68 30
239 36 3
240 31 72
241 6 93
242 22 46
243 80 37
244 66 55
245 9 33
246 17 60
247 19 56
248 62 87
249 36 65
250 18 60
251 36 71
252 44 45
253 97 82
254 28 76
255 77 93
256 63 74
257 2 72
258 73 94
259 100 74
260 76 98
261 64 17
262 45 5
263 60 16
264 23 55
265 81 43
266 37 78
267 11 32
268 96 88
269 96 79
270 65 41
271 89 28
272 74 9
273 16 30
274 37 59
275 14 96
276 34 22
277 9 34
278 70 84
279 9 60
280 19 92
281 72 46
282 84 65
283 40 69
284 9 71
285 38 42
286 43 6
287 71 99
288 73 62
289 49 56
290 10 52
291 55 29
292 54 92
293 84 31
294 43 22
295 62 82
296 61 7
297 92 70
298 45 11
299 78 70
300 5 3
301 63 24
302 33 5
303 41 85
304 14 24
305 98 6
306 74 13
307 28 42
308 81 23
309 27 42
310 46 89
311 66 17
312 88 48
313 18 72
314 31 87
315 42 80
316 11 20
317 53 93
318 14 76
319 90 48
320 56 68
321 79 20
322 10 70
323 98 87
324 27 98
325 16 52
326 11 53
327 11 43
328 86 78
329 65 6
330 57 34
331 38 34
332 70 17
333 99 0
334 96 60
335 18 39
336 77 80
337 79 83
338 51 91
339 38 52
340 64 58
341 16 64
342 74 85
343 99 46
344 45 37
345 70 26
346 48 64
347 12 95
348 100 16
349 6 16
350 50 75
351 17 76
352 72 24
353 83 65
354 82 94
355 52 8
356 67 69
357 35 32
358 46 63
359 96 17
360 66 43
361 33 90
362 74 17
363 94 61
364 20 59
365 98 76
366 74 71
367 40 80
368 50 66
369 24 35
370 31 84
371 60 1
372 41 40
373 14 99
374 9 9
375 67 85
376 71 45
377 99 51
378 62 75
379 58 93
380 69 92
381 5 51
382 63 33
383 6 75
384 9 43
385 22 80
386 58 42
387 81 10
388 8 1
389 34 71
390 73 45
391 8 93
392 47 6
393 10 74
394 65 82
395 80 86
396 42 88
397 93 64
398 78 64
399 36 90
400 91 35
401 35 77
402 68 3
403 61 22
404 64 26
405 47 43
406 26 96
407 83 5
408 23 88
409 14 19
410 16 72
411 91 21
412 50 33
413 83 43
414 55 60
415 66 73
416 85 18
417 71 40
418 51 95
419 90 1
420 2 33
421 60 96
422 53 26
423 45 59
424 43 7
425 29 88
426 41 27
427 40 45
428 82 36
429 14 12
430 81 58
431 97 20
432 30 10
433 85 20
434 93 69
435 75 16
436 32 91
437 0 21
438 71 17
439 28 53
440 12 27
441 82 1
442 35 23
443 31 22
444 36 66
445 92 80
446 90 75
447 97 78
448 28 44
449 75 65
450 69 84
451 10 39
452 93 99
453 99 53
454 90 25
455 12 20
456 25 65
457 74 46
458 5 90
459 93 90
460 79 54
461 33 0
462 73 28
463 69 82
464 59 88
465 3 32
466 70 90
467 78 19
468 56 83
469 74 52
470 45 21
471 0 95
472 22 38
473 9 23
474 45 49
475 95 7
476 20 98
477 44 68
478 58 35
479 24 53
480 36 89
481 79 55
482 83 21
483 94 51
484 57 100
485 12 21
486 70 32
487 43 14
488 76 29
489 17 27
490 98 94
491 74 95
492 72 52
493 39 66
494 5 15
495 43 42
496 29 21
497 73 65
498 73 83
499 74 26
500 86 95
