150
1 12 6
2 3 94
3 76 1
4 70 77
5 46 89
6 14 46
7 72 8
8 23 76
9 96 13
10 68 61
11 11 18
12 24 28
13 28 83
14 28 87
15 8 74
16 3 91
17 6 83
18 87 4
19 85 42
20 22 80
21 15 88
22 49 42
23 58 16
24 8 39
25 85 53
26 74 48
27 68 17
28 67 26
29 99 12
30 17 39
31 57 94
32 79 78
33 47 10
34 77 52
35 18 43
36 49 4
37 7 55
38 43 97
39 18 62
40 68 66
41 67 4
42 21 1
43 20 43
44 18 42
45 75 84
46 8 57
47 72 95
48 27 81
49 62 97
50 97 73
51 63 39
52 24 75
53 43 87
54 5 5
55 88 77
56 89 40
57 19 92
58 18 86
59 33 5
60 60 2
61 99 29
62 58 62
63 8 90
64 53 15
65 74 63
66 40 36
67 91 36
68 57 72
69 30 60
70 62 5
71 90 61
72 9 33
73 77 19
74 66 27
75 24 6
76 7 25
77 62 94
78 38 54
79 27 7
80 91 16
81 96 70
82 38 78
83 9 91
84 57 57
85 50 31
86 65 77
87 86 18
88 94 41
89 87 79
90 43 54
91 97 42
92 22 70
93 32 82
94 75 27
95 66 61
96 89 100
97 66 90
98 80 53
99 36 32
100 19 29
101 86 30
102 90 69
103 0 25
104 42 42
105 54 47
106 62 93
107 68 34
108 21 47
109 0 1
110 14 24
111 94 35
112 13 63
113 37 97
114 70 29
115 91 89
116 57 28
117 7 31
118 91 59
119 35 36
120 31 73
121 84 19
122 3 30
123 58 42
124 19 63
125 9 4
126 69 74
127 13 38
128 39 21
129 57 99
130 93 12
131 30 88
132 78 92
133 31 90
134 62 82
135 14 16
136 24 13
137 72 1
138 37 13
139 81 29
140 66 70
141 19 27
142 4 63
143 70 89
144 77 1
145 72 0
146 30 91
147 100 3
148 84 44
149 16 90
150 93 65
