200
1 56 71
2 72 40
3 70 36
4 68 10
5 60 68
6 70 99
7 19 61
8 39 65
9 22 20
10 100 76
11 22 41
12 70 29
13 97 53
14 77 63
15 3 39
16 75 48
17 76 32
18 48 92
19 16 64
20 48 48
21 15 74
22 74 54
23 64 17
24 12 68
25 46 55
26 93 19
27 1 50
28 5 60
29 86 57
30 1 14
31 2 39
32 36 85
33 31 40
34 48 96
35 71 57
36 13 41
37 56 22
38 39 49
39 57 98
40 81 53
41 21 44
42 3 50
43 9 13
44 88 30
45 36 40
46 2 61
47 30 93
48 68 13
49 96 35
50 28 39
51 82 100
52 65 83
53 3 1
54 74 1
55 81 1
56 27 76
57 7 28
58 17 98
59 93 81
60 13 4
61 88 83
62 44 33
63 64 59
64 100 88
65 87 10
66 94 59
67 91 57
68 61 19
69 9 85
70 38 100
71 46 35
72 49 9
73 36 54
74 89 92
75 54 68
76 75 99
77 99 34
78 75 90
79 60 51
80 96 10
81 72 35
82 59 66
83 63 82
84 60 98
85 12 44
86 51 35
87 79 16
88 8 5
89 18 62
90 55 20
91 57 36
92 45 24
93 22 15
94 57 7
95 5 35
96 96 5
97 35 32
98 65 36
99 52 93
100 95 49
101 57 45
102 19 45
103 48 14
104 34 7
105 75 47
106 57 17
107 19 90
108 49 99
109 88 8
110 41 93
111 35 72
112 78 89
113 44 56
114 97 25
115 90 49
116 1 77
117 39 89
118 87 2
119 71 40
120 86 54
121 40 85
122 36 89
123 12 89
124 38 16
125 74 89
126 93 43
127 33 93
128 31 28
129 4 87
130 84 68
131 17 6
132 17 97
133 19 83
134 73 5
135 23 92
136 20 48
137 61 39
138 89 22
139 32 37
140 39 56
141 51 38
142 88 16
143 32 70
144 15 43
145 36 86
146 88 29
147 35 28
148 38 2
149 14 54
150 77 100
151 85 36
152 99 77
153 4 31
154 21 20
155 96 38
156 18 79
157 37 51
158 34 62
159 43 54
160 95 24
161 90 92
162 51 58
163 10 98
164 3 44
165 36 98
166 46 15
167 86 50
168 79 91
169 36 55
170 43 18
171 2 28
172 61 83
173 19 55
174 64 31
175 41 83
176 89 1
177 81 9
178 86 41
179 90 34
180 61 97
181 38 59
182 93 74
183 22 70
184 11 29
185 20 1
186 85 64
187 13 21
188 64 23
189 8 13
190 91 75
191 66 46
192 62 11
193 20 59
194 72 54
195 69 39
196 13 67
197 14 36
198 44 55
199 56 47
200 10 19
