300
1 80 50
2 3 63
3 54 41
4 92 92
5 84 32
6 90 25
7 29 98
8 98 7
9 17 34
10 10 90
11 55 89
12 20 20
13 55 75
14 4 6
15 20 57
16 75 84
17 20 43
18 32 57
19 49 40
20 93 69
21 90 81
22 77 88
23 62 30
24 77 11
25 28 62
26 71 3
27 77 99
28 16 50
29 5 12
30 70 99
31 16 12
32 47 60
33 86 97
34 49 24
35 11 6
36 88 72
37 90 3
38 82 2
39 37 89
40 20 59
41 2 46
42 75 20
43 2 76
44 20 3
45 86 5
46 69 25
47 48 13
48 93 59
49 75 39
50 71 15
51 33 54
52 12 82
53 32 48
54 50 7
55 4 14
56 55 40
57 50 67
58 68 94
59 58 14
60 90 21
61 98 76
62 31 32
63 33 49
64 71 75
65 52 25
66 40 93
67 34 14
68 41 3
69 91 70
70 50 65
71 70 95
72 76 72
73 2 50
74 90 91
75 78 90
76 88 73
77 12 47
78 53 15
79 60 1
80 15 30
81 3 70
82 94 23
83 18 77
84 56 57
85 49 6
86 9 30
87 30 85
88 53 20
89 75 86
90 68 75
91 13 97
92 91 62
93 47 57
94 1 28
95 90 90
96 92 24
97 85 45
98 48 76
99 75 50
100 12 34
101 27 32
102 89 82
103 60 36
104 4 82
105 49 68
106 45 81
107 95 53
108 6 32
109 18 19
110 6 3
111 37 46
112 45 14
113 78 53
114 19 73
115 88 38
116 45 80
117 66 93
118 8 44
119 53 88
120 61 93
121 56 95
122 39 77
123 6 83
124 67 17
125 33 60
126 21 67
127 61 12
128 79 41
129 16 91
130 99 87
131 53 3
132 1 36
133 77 22
134 95 5
135 87 51
136 29 92
137 9 61
138 6 13
139 22 46
140 55 19
141 78 28
142 69 16
143 1 33
144 81 66
145 25 86
146 6 12
147 97 75
148 81 92
149 74 93
150 44 43
151 16 93
152 73 39
153 77 7
154 87 32
155 73 69
156 77 64
157 41 16
158 77 38
159 24 66
160 10 57
161 23 30
162 10 68
163 100 48
164 4 10
165 31 14
166 90 87
167 100 18
168 35 24
169 31 79
170 51 98
171 22 96
172 66 48
173 83 54
174 82 60
175 39 51
176 33 52
177 65 72
178 57 43
179 9 67
180 81 39
181 12 98
182 14 9
183 87 97
184 23 53
185 20 76
186 33 70
187 60 69
188 99 4
189 83 40
190 64 17
191 59 56
192 86 71
193 31 62
194 15 31
195 83 12
196 47 96
197 18 42
198 0 8
199 30 47
200 41 98
201 84 49
202 83 45
203 96 38
204 35 9
205 90 57
206 39 22
207 64 56
208 49 66
209 55 26
210 26 37
211 76 71
212 15 43
213 36 100
214 39 17
215 100 87
216 5 21
217 46 1
218 21 78
219 58 44
220 59 13
221 80 83
222 31 60
223 36 48
224 75 89
225 65 87
226 26 13
227 25 48
228 28 50
229 43 84
230 59 94
231 93 68
232 77 3
233 84 36
234 80 37
235 96 28
236 90 31
237 29 56
238 61 63
239 78 43
240 78 49
241 78 71
242 37 16
243 33 74
244 4 35
245 28 46
246 6 82
247 96 81
248 98 24
249 10 88
250 19 28
251 3 15
252 34 73
253 39 93
254 81 17
255 91 2
256 33 36
257 5 43
258 41 43
259 65 100
260 81 64
261 40 67
262 9 45
263 28 86
264 27 49
265 5 74
266 72 3
267 3 44
268 95 84
269 16 34
270 27 51
271 80 75
272 59 86
273 10 72
274 80 51
275 45 59
276 57 14
277 28 84
278 85 8
279 20 92
280 39 79
281 73 71
282 33 93
283 74 61
284 51 13
285 30 62
286 98 78
287 44 2
288 100 10
289 49 94
290 82 69
291 25 63
292 51 33
293 49 34
294 42 34
295 38 68
296 67 21
297 19 46
298 88 92
299 58 61
300 61 14
