100
1 33 40
2 89 50
3 83 19
4 8 16
5 15 91
6 17 9
7 66 45
8 44 32
9 28 8
10 97 69
11 82 24
12 46 99
13 11 38
14 22 40
15 51 99
16 55 52
17 89 35
18 54 49
19 12 2
20 12 68
21 72 91
22 9 16
23 79 16
24 98 51
25 29 76
26 52 2
27 18 88
28 72 85
29 88 8
30 36 22
31 7 35
32 35 26
33 40 25
34 37 76
35 30 8
36 6 95
37 52 49
38 69 47
39 54 55
40 98 84
41 99 67
42 19 21
43 93 33
44 72 68
45 77 79
46 62 47
47 23 58
48 10 24
49 15 11
50 57 39
51 36 46
52 10 51
53 28 53
54 17 81
55 3 70
56 29 13
57 57 82
58 2 52
59 70 30
60 96 57
61 62 26
62 15 58
63 67 73
64 80 80
65 59 64
66 29 59
67 75 19
68 89 80
69 39 26
70 22 25
71 46 56
72 12 65
73 92 35
74 8 34
75 85 17
76 18 73
77 92 16
78 12 60
79 37 100
80 7 18
81 73 37
82 2 89
83 15 25
84 89 7
85 27 20
86 51 87
87 61 5
88 100 63
89 49 54
90 80 71
91 76 27
92 1 57
93 25 65
94 80 53
95 63 0
96 26 81
97 33 49
98 94 86
99 48 95
100 26 2
