1000
1 58 43
2 87 24
3 95 6
4 82 99
5 31 44
6 62 33
7 10 86
8 19 67
9 82 74
10 71 50
11 39 8
12 29 81
13 26 12
14 10 20
15 88 72
16 13 90
17 71 49
18 65 85
19 100 88
20 37 31
21 85 46
22 63 97
23 92 25
24 88 74
25 72 27
26 6 86
27 46 92
28 66 40
29 69 59
30 18 14
31 47 24
32 4 23
33 10 80
34 31 74
35 31 69
36 93 25
37 37 43
38 100 74
39 46 100
40 74 21
41 68 20
42 35 32
43 28 72
44 33 72
45 33 81
46 76 53
47 40 11
48 57 85
49 64 90
50 22 71
51 71 1
52 13 4
53 12 53
54 29 58
55 91 61
56 78 10
57 70 44
58 47 43
59 46 38
60 40 60
61 73 68
62 34 72
63 5 49
64 84 81
65 55 44
66 38 30
67 11 11
68 85 42
69 96 36
70 56 27
71 12 4
72 33 16
73 97 49
74 49 3
75 44 59
76 16 84
77 68 10
78 90 13
79 39 41
80 48 57
81 1 34
82 71 18
83 61 44
84 40 1
85 46 52
86 23 32
87 82 30
88 73 10
89 33 9
90 35 100
91 72 81
92 1 14
93 63 69
94 42 76
95 52 60
96 1 76
97 78 6
98 76 0
99 40 34
100 59 51
101 91 2
102 96 70
103 76 73
104 75 87
105 2 55
106 73 0
107 30 8
108 65 68
109 46 84
110 20 16
111 34 16
112 13 71
113 22 94
114 85 99
115 81 89
116 21 2
117 17 37
118 89 83
119 3 82
120 48 67
121 62 84
122 13 33
123 21 28
124 52 39
125 78 18
126 22 72
127 1 48
128 100 68
129 93 65
130 73 22
131 48 55
132 95 37
133 23 15
134 13 23
135 99 70
136 80 79
137 9 14
138 3 18
139 50 26
140 69 73
141 98 79
142 40 0
143 23 19
144 52 2
145 71 59
146 64 79
147 2 41
148 81 16
149 53 58
150 40 99
151 19 82
152 23 87
153 34 68
154 30 27
155 83 84
156 6 37
157 4 35
158 40 98
159 27 50
160 100 69
161 29 29
162 77 39
163 42 8
164 93 76
165 99 98
166 40 2
167 82 55
168 37 5
169 51 44
170 45 85
171 66 4
172 5 5
173 54 64
174 98 83
175 45 0
176 32 19
177 92 22
178 43 55
179 24 11
180 86 1
181 86 26
182 72 50
183 13 94
184 84 56
185 27 7
186 48 18
187 70 31
188 21 63
189 78 39
190 32 31
191 26 0
192 64 2
193 16 89
194 48 7
195 88 33
196 67 76
197 96 66
198 61 77
199 98 74
200 0 58
201 86 28
202 64 100
203 31 56
204 68 71
205 96 57
206 47 17
207 65 98
208 40 76
209 27 89
210 11 77
211 11 46
212 100 79
213 11 47
214 89 15
215 24 9
216 72 64
217 84 24
218 10 68
219 75 59
220 97 77
221 11 98
222 76 54
223 34 54
224 74 16
225 63 89
226 16 81
227 33 79
228 73 94
229 23 17
230 75 80
231 98 84
232 92 85
233 21 80
234 30 77
235 12 67
236 25 95
237 75 32
238 62 28
239 37 30
240 24 62
241 53 64
242 80 99
243 35 72
244 81 64
245 14 77
246 58 97
247 14 19
248 87 11
249 4 80
250 86 37
251 52 61
252 62 78
253 17 66
254 79 89
255 18 16
256 19 62
257 64 86
258 70 28
259 80 64
260 4 85
261 93 4
262 59 67
263 56 60
264 18 59
265 100 71
266 38 91
267 0 1
268 78 100
269 41 3
270 15 45
271 28 100
272 13 87
273 61 5
274 80 73
275 47 29
276 29 54
277 63 65
278 66 20
279 2 56
280 73 59
281 80 1
282 92 67
283 79 71
284 73 55
285 30 29
286 87 1
287 65 62
288 50 79
289 46 30
290 70 32
291 43 80
292 97 68
293 32 62
294 60 42
295 72 37
296 48 48
297 51 53
298 98 46
299 24 60
300 91 10
301 85 44
302 93 86
303 50 90
304 48 54
305 27 48
306 94 91
307 89 72
308 5 2
309 39 71
310 16 36
311 45 79
312 64 15
313 70 33
314 45 83
315 64 58
316 41 12
317 72 4
318 59 77
319 42 50
320 17 67
321 37 78
322 98 40
323 60 74
324 32 43
325 43 49
326 80 25
327 3 96
328 10 99
329 19 17
330 14 28
331 0 84
332 43 44
333 73 80
334 8 77
335 34 86
336 16 67
337 78 88
338 70 26
339 32 14
340 13 86
341 53 15
342 90 60
343 100 27
344 81 41
345 92 91
346 57 70
347 56 53
348 97 63
349 16 48
350 51 31
351 87 76
352 71 51
353 92 80
354 83 67
355 51 15
356 5 93
357 16 31
358 13 5
359 43 76
360 46 59
361 89 30
362 30 91
363 67 3
364 79 15
365 15 21
366 17 22
367 78 33
368 43 17
369 76 47
370 50 14
371 25 23
372 35 33
373 40 66
374 21 15
375 33 89
376 1 46
377 82 46
378 92 92
379 47 39
380 39 62
381 75 96
382 82 54
383 50 94
384 72 54
385 19 80
386 58 98
387 62 57
388 96 88
389 33 67
390 12 87
391 33 83
392 31 80
393 6 95
394 95 77
395 1 96
396 38 48
397 59 84
398 79 63
399 75 17
400 74 73
401 63 48
402 23 98
403 34 52
404 38 41
405 45 96
406 74 26
407 89 78
408 44 91
409 78 57
410 47 50
411 75 16
412 34 66
413 38 45
414 69 62
415 47 54
416 90 62
417 26 55
418 87 12
419 37 80
420 51 70
421 9 47
422 28 87
423 31 93
424 43 24
425 49 57
426 92 88
427 29 90
428 47 4
429 93 2
430 7 60
431 69 96
432 78 53
433 72 17
434 77 5
435 55 96
436 86 76
437 36 16
438 76 65
439 83 76
440 19 68
441 40 23
442 16 85
443 83 41
444 48 93
445 76 22
446 100 42
447 70 78
448 74 29
449 55 97
450 87 52
451 7 93
452 6 23
453 45 46
454 86 20
455 92 44
456 11 31
457 49 68
458 35 5
459 51 97
460 100 65
461 76 38
462 71 23
463 65 28
464 44 92
465 28 21
466 11 66
467 72 5
468 31 46
469 87 26
470 57 82
471 57 92
472 76 74
473 57 93
474 53 76
475 94 48
476 77 17
477 33 4
478 86 99
479 44 82
480 52 76
481 0 44
482 53 71
483 48 41
484 20 24
485 76 43
486 51 61
487 65 82
488 79 43
489 54 31
490 46 77
491 11 55
492 87 78
493 92 34
494 41 73
495 60 11
496 10 22
497 47 38
498 44 1
499 28 71
500 79 59
501 25 99
502 71 97
503 3 77
504 3 87
505 90 94
506 91 1
507 32 7
508 1 19
509 62 6
510 18 19
511 41 9
512 68 38
513 71 96
514 93 89
515 98 36
516 84 31
517 99 7
518 39 77
519 10 76
520 93 52
521 16 80
522 12 32
523 42 77
524 70 76
525 30 63
526 98 95
527 26 54
528 52 86
529 45 32
530 43 18
531 38 77
532 36 64
533 74 44
534 6 9
535 90 93
536 85 88
537 45 17
538 2 35
539 31 6
540 88 64
541 26 82
542 55 19
543 17 15
544 75 44
545 2 58
546 41 36
547 69 100
548 10 42
549 41 85
550 86 68
551 86 47
552 5 65
553 14 0
554 10 41
555 69 23
556 24 27
557 80 87
558 71 93
559 95 2
560 76 33
561 38 62
562 89 79
563 53 7
564 52 55
565 15 29
566 91 48
567 15 23
568 99 78
569 68 52
570 93 46
571 32 93
572 95 4
573 80 27
574 21 88
575 53 45
576 6 57
577 83 38
578 13 61
579 49 51
580 64 28
581 48 17
582 22 12
583 69 51
584 40 75
585 18 72
586 4 98
587 41 91
588 68 2
589 50 49
590 88 80
591 59 78
592 13 67
593 56 19
594 18 96
595 4 75
596 61 85
597 74 72
598 60 62
599 43 43
600 9 77
601 53 83
602 10 100
603 0 73
604 86 50
605 25 79
606 11 43
607 38 58
608 25 74
609 57 81
610 58 27
611 70 88
612 58 23
613 43 89
614 3 0
615 26 75
616 10 6
617 11 69
618 50 86
619 65 63
620 32 27
621 11 71
622 82 93
623 68 32
624 21 4
625 77 66
626 30 79
627 40 72
628 28 20
629 39 84
630 3 3
631 36 30
632 79 3
633 69 20
634 14 9
635 31 78
636 96 80
637 30 39
638 87 93
639 6 51
640 31 58
641 60 49
642 83 6
643 43 53
644 96 33
645 23 8
646 60 24
647 12 22
648 52 97
649 85 26
650 47 5
651 22 4
652 91 93
653 70 90
654 44 42
655 12 16
656 27 36
657 75 12
658 75 46
659 64 65
660 74 86
661 38 61
662 46 60
663 99 11
664 69 12
665 54 12
666 92 6
667 32 9
668 2 4
669 10 32
670 41 77
671 12 60
672 67 42
673 40 7
674 66 44
675 22 20
676 2 94
677 98 31
678 67 97
679 25 81
680 42 11
681 71 85
682 6 4
683 18 36
684 21 71
685 78 75
686 26 78
687 27 70
688 23 43
689 17 99
690 77 16
691 9 53
692 39 40
693 22 84
694 29 74
695 100 18
696 0 91
697 20 94
698 90 29
699 41 5
700 53 53
701 38 75
702 28 47
703 80 6
704 8 0
705 70 57
706 83 35
707 84 33
708 98 97
709 73 87
710 24 23
711 8 96
712 51 36
713 36 4
714 66 16
715 0 37
716 13 25
717 95 19
718 36 65
719 16 98
720 18 31
721 73 86
722 97 44
723 89 70
724 63 1
725 15 52
726 72 76
727 79 52
728 32 51
729 100 24
730 34 42
731 26 15
732 44 51
733 70 23
734 89 91
735 20 36
736 52 26
737 38 26
738 3 80
739 9 61
740 4 7
741 65 3
742 9 24
743 19 53
744 49 29
745 76 34
746 33 15
747 51 42
748 88 68
749 49 38
750 33 76
751 80 36
752 41 70
753 10 89
754 99 69
755 66 19
756 59 97
757 75 24
758 97 37
759 39 6
760 7 14
761 47 92
762 55 1
763 40 33
764 89 35
765 49 43
766 65 99
767 64 47
768 30 95
769 0 70
770 0 67
771 45 73
772 43 39
773 62 52
774 30 26
775 88 20
776 56 24
777 57 62
778 0 50
779 16 96
780 97 100
781 91 69
782 34 3
783 42 0
784 33 17
785 87 75
786 17 88
787 19 24
788 82 5
789 98 20
790 17 95
791 32 64
792 18 95
793 76 99
794 89 2
795 97 3
796 2 42
797 72 73
798 67 93
799 29 77
800 22 61
801 29 43
802 55 31
803 6 16
804 75 18
805 51 28
806 62 56
807 8 43
808 49 42
809 20 45
810 61 38
811 40 37
812 65 36
813 86 97
814 21 45
815 80 35
816 95 90
817 65 35
818 1 100
819 88 8
820 76 14
821 83 97
822 0 63
823 8 91
824 67 81
825 28 29
826 78 92
827 9 95
828 43 63
829 48 20
830 86 80
831 88 32
832 16 19
833 74 67
834 16 34
835 49 8
836 41 88
837 93 63
838 8 98
839 22 51
840 39 47
841 95 13
842 8 23
843 96 14
844 80 39
845 10 78
846 66 57
847 94 23
848 58 57
849 42 59
850 2 28
851 30 4
852 47 7
853 42 61
854 52 96
855 53 100
856 42 79
857 30 73
858 82 48
859 74 82
860 57 59
861 27 74
862 41 19
863 77 25
864 21 93
865 61 96
866 37 60
867 6 97
868 57 78
869 44 9
870 42 96
871 46 58
872 63 9
873 100 94
874 52 15
875 44 24
876 53 36
877 12 48
878 64 73
879 82 14
880 89 40
881 42 31
882 87 90
883 30 7
884 86 34
885 58 13
886 24 77
887 43 32
888 66 61
889 53 0
890 71 39
891 100 22
892 14 33
893 12 28
894 89 47
895 79 7
896 90 85
897 3 81
898 51 56
899 19 12
900 73 28
901 59 52
902 5 18
903 45 22
904 61 45
905 21 56
906 11 68
907 87 22
908 5 95
909 61 39
910 47 66
911 45 28
912 37 95
913 7 12
914 26 71
915 65 48
916 93 57
917 33 0
918 24 55
919 23 52
920 31 11
921 45 58
922 90 24
923 40 15
924 46 91
925 27 11
926 41 65
927 16 44
928 17 44
929 94 88
930 48 99
931 60 3
932 54 50
933 62 58
934 66 35
935 60 50
936 11 94
937 98 21
938 50 58
939 4 42
940 32 23
941 45 86
942 22 66
943 77 65
944 51 25
945 8 39
946 14 44
947 11 6
948 41 26
949 18 40
950 41 41
951 44 79
952 18 92
953 51 1
954 90 73
955 94 19
956 25 59
957 54 46
958 18 6
959 66 72
960 74 91
961 33 43
962 22 59
963 100 91
964 6 87
965 13 48
966 4 43
967 96 72
968 60 40
969 7 79
970 75 63
971 41 66
972 18 71
973 83 94
974 42 64
975 56 71
976 67 74
977 10 48
978 32 1
979 96 96
980 17 65
981 35 46
982 77 94
983 56 0
984 97 19
985 19 58
986 93 68
987 82 82
988 77 47
989 51 80
990 77 26
991 87 83
992 63 53
993 83 66
994 34 100
995 94 12
996 64 48
997 17 30
998 19 0
999 96 9
1000 88 47
