400
1 54 93
2 91 70
3 46 6
4 47 4
5 53 96
6 59 5
7 14 51
8 94 94
9 6 45
10 65 18
11 89 93
12 95 15
13 67 40
14 25 37
15 46 0
16 79 49
17 50 55
18 35 53
19 72 51
20 21 36
21 29 64
22 76 40
23 99 1
24 98 19
25 47 21
26 88 90
27 2 3
28 57 62
29 29 70
30 45 30
31 80 50
32 9 54
33 29 66
34 17 74
35 70 29
36 65 3
37 77 18
38 26 89
39 77 74
40 57 99
41 10 2
42 8 3
43 10 59
44 6 57
45 78 40
46 24 70
47 82 17
48 52 52
49 76 14
50 85 77
51 45 16
52 49 13
53 26 49
54 96 61
55 82 74
56 75 84
57 18 19
58 61 18
59 71 31
60 46 75
61 52 8
62 76 49
63 50 50
64 72 76
65 57 15
66 51 38
67 82 72
68 4 80
69 87 90
70 87 26
71 18 23
72 18 49
73 30 38
74 21 12
75 82 55
76 64 48
77 28 59
78 15 36
79 39 69
80 29 22
81 16 80
82 10 85
83 7 71
84 15 44
85 61 46
86 74 69
87 74 74
88 15 18
89 74 20
90 45 37
91 26 37
92 59 4
93 21 51
94 74 19
95 3 89
96 14 79
97 24 48
98 66 80
99 44 91
100 91 58
101 38 2
102 76 9
103 1 15
104 79 72
105 36 89
106 7 20
107 32 58
108 85 63
109 17 95
110 99 87
111 19 58
112 78 58
113 30 15
114 27 37
115 29 45
116 61 88
117 6 5
118 15 37
119 7 21
120 1 42
121 61 67
122 34 96
123 37 5
124 25 68
125 35 61
126 57 24
127 88 12
128 61 36
129 53 13
130 11 48
131 25 95
132 43 84
133 32 6
134 21 100
135 65 96
136 22 87
137 93 8
138 23 99
139 60 13
140 88 17
141 10 6
142 20 8
143 29 58
144 22 94
145 8 77
146 79 44
147 36 7
148 11 31
149 83 60
150 97 19
151 59 74
152 62 42
153 27 11
154 59 2
155 49 47
156 89 51
157 47 62
158 9 14
159 11 5
160 8 48
161 5 70
162 65 90
163 60 99
164 73 43
165 2 79
166 28 61
167 66 34
168 8 74
169 33 20
170 17 20
171 47 82
172 10 10
173 89 45
174 55 41
175 19 35
176 13 82
177 91 30
178 39 90
179 17 9
180 86 9
181 76 15
182 11 28
183 80 80
184 11 32
185 62 78
186 78 44
187 45 28
188 100 82
189 38 12
190 16 68
191 20 26
192 39 14
193 70 53
194 61 53
195 82 48
196 100 81
197 8 47
198 79 75
199 15 3
200 41 63
201 83 14
202 98 75
203 16 25
204 49 8
205 69 95
206 54 74
207 79 91
208 80 81
209 46 91
210 34 31
211 91 18
212 55 96
213 87 22
214 35 15
215 48 0
216 93 82
217 85 91
218 73 68
219 31 9
220 48 96
221 26 97
222 28 11
223 65 82
224 36 40
225 73 20
226 31 4
227 48 30
228 16 30
229 37 28
230 26 67
231 6 41
232 74 56
233 25 36
234 45 22
235 42 13
236 62 56
237 24 49
238 88 67
239 7 93
240 55 51
241 41 62
242 56 90
243 79 40
244 12 47
245 41 97
246 87 66
247 35 84
248 26 0
249 29 57
250 5 58
251 22 97
252 58 97
253 4 100
254 71 55
255 83 44
256 13 21
257 22 82
258 95 98
259 75 43
260 87 59
261 90 92
262 65 88
263 12 57
264 69 69
265 76 62
266 64 78
267 66 6
268 24 25
269 80 75
270 65 14
271 79 31
272 55 16
273 89 64
274 22 98
275 89 42
276 37 79
277 3 28
278 60 61
279 79 5
280 65 74
281 12 40
282 45 43
283 46 83
284 66 5
285 84 1
286 41 32
287 18 10
288 99 86
289 36 41
290 77 70
291 9 99
292 61 29
293 20 19
294 94 61
295 41 76
296 53 11
297 26 98
298 69 53
299 14 30
300 18 81
301 79 41
302 83 76
303 76 63
304 85 27
305 68 91
306 50 64
307 29 53
308 98 27
309 47 94
310 64 61
311 99 32
312 94 24
313 38 84
314 17 86
315 58 16
316 47 38
317 31 60
318 81 96
319 4 63
320 88 46
321 10 42
322 45 12
323 26 5
324 7 89
325 71 1
326 89 50
327 29 99
328 10 60
329 72 53
330 78 15
331 55 95
332 20 98
333 77 67
334 20 65
335 78 36
336 100 2
337 14 26
338 7 39
339 11 98
340 44 1
341 32 94
342 8 25
343 38 28
344 34 69
345 34 49
346 30 52
347 90 27
348 59 72
349 49 25
350 97 78
351 66 55
352 2 34
353 34 8
354 54 99
355 33 9
356 51 33
357 42 71
358 60 45
359 56 58
360 53 27
361 33 6
362 85 20
363 41 54
364 24 2
365 39 5
366 48 32
367 29 52
368 9 51
369 27 61
370 23 82
371 61 26
372 3 66
373 6 76
374 58 72
375 80 27
376 13 52
377 75 26
378 66 11
379 17 77
380 93 41
381 1 33
382 66 1
383 97 66
384 75 76
385 14 82
386 84 61
387 83 45
388 51 72
389 0 59
390 96 48
391 15 21
392 67 75
393 74 9
394 7 10
395 10 69
396 96 72
397 34 9
398 73 36
399 94 4
400 51 88
