750
1 0 59
2 32 74
3 26 69
4 26 68
5 81 55
6 90 80
7 69 8
8 81 7
9 87 24
10 55 52
11 98 84
12 28 57
13 60 69
14 11 64
15 32 89
16 82 63
17 75 27
18 81 92
19 65 99
20 46 70
21 90 6
22 53 90
23 58 47
24 43 13
25 5 63
26 83 59
27 36 55
28 2 16
29 21 88
30 64 63
31 56 79
32 15 37
33 94 15
34 95 5
35 13 50
36 0 34
37 96 21
38 53 23
39 0 29
40 64 74
41 79 59
42 95 9
43 81 8
44 81 86
45 84 94
46 97 9
47 18 79
48 33 54
49 47 72
50 23 6
51 29 90
52 4 33
53 12 92
54 52 90
55 31 54
56 13 33
57 75 6
58 35 16
59 30 100
60 89 34
61 20 5
62 57 57
63 96 59
64 14 5
65 83 46
66 77 48
67 80 98
68 13 16
69 32 66
70 9 4
71 87 17
72 33 64
73 8 14
74 68 36
75 50 90
76 23 19
77 68 42
78 0 97
79 18 21
80 9 74
81 49 66
82 28 89
83 12 5
84 66 38
85 60 1
86 80 68
87 19 49
88 25 66
89 100 56
90 47 18
91 50 57
92 45 93
93 94 45
94 63 80
95 73 18
96 79 65
97 45 41
98 89 96
99 45 84
100 15 55
101 39 43
102 17 93
103 43 18
104 53 91
105 62 23
106 79 85
107 85 52
108 75 37
109 45 73
110 61 20
111 22 20
112 73 15
113 58 15
114 82 49
115 69 16
116 23 20
117 69 3
118 78 48
119 76 5
120 12 0
121 33 41
122 55 57
123 55 62
124 82 18
125 61 40
126 83 31
127 61 2
128 1 62
129 2 47
130 63 75
131 11 25
132 8 98
133 45 46
134 12 77
135 41 71
136 78 42
137 7 78
138 1 96
139 29 56
140 23 65
141 12 28
142 97 97
143 79 42
144 73 19
145 53 74
146 30 51
147 11 28
148 98 28
149 95 3
150 5 26
151 50 23
152 80 92
153 7 17
154 30 0
155 66 73
156 0 70
157 82 51
158 32 82
159 94 10
160 55 56
161 44 31
162 17 80
163 53 58
164 91 3
165 36 25
166 4 96
167 30 24
168 32 86
169 94 35
170 21 7
171 57 88
172 66 79
173 46 39
174 64 54
175 66 85
176 79 10
177 92 33
178 46 50
179 13 97
180 31 92
181 99 63
182 16 24
183 99 81
184 55 53
185 44 63
186 27 1
187 5 93
188 81 74
189 77 58
190 8 60
191 96 97
192 51 64
193 61 81
194 65 5
195 96 78
196 63 91
197 5 92
198 92 51
199 79 68
200 41 22
201 10 27
202 58 80
203 32 3
204 53 44
205 1 85
206 48 67
207 70 96
208 1 2
209 21 89
210 1 56
211 75 13
212 61 4
213 73 35
214 76 62
215 25 85
216 38 58
217 66 15
218 20 15
219 13 11
220 59 88
221 17 4
222 4 37
223 65 29
224 40 53
225 72 6
226 25 59
227 67 93
228 49 86
229 84 78
230 11 70
231 58 61
232 83 48
233 45 32
234 65 8
235 77 20
236 60 39
237 21 18
238 43 53
239 19 93
240 45 4
241 30 57
242 21 13
243 88 47
244 52 21
245 22 0
246 20 98
247 65 38
248 37 100
249 1 58
250 98 76
251 84 5
252 37 81
253 50 93
254 98 32
255 28 27
256 22 1
257 8 38
258 72 69
259 95 45
260 42 45
261 73 24
262 14 50
263 51 91
264 87 63
265 97 73
266 5 64
267 10 34
268 47 98
269 7 66
270 50 45
271 81 18
272 67 61
273 23 59
274 48 66
275 24 75
276 86 8
277 52 72
278 8 9
279 18 62
280 19 57
281 52 16
282 3 71
283 96 83
284 43 43
285 6 45
286 50 21
287 19 36
288 87 44
289 81 32
290 27 4
291 25 49
292 72 26
293 67 80
294 76 6
295 74 73
296 55 37
297 90 90
298 6 76
299 36 93
300 66 13
301 37 10
302 71 87
303 31 26
304 76 28
305 60 63
306 60 65
307 97 83
308 34 45
309 21 69
310 53 93
311 44 67
312 36 79
313 98 58
314 12 63
315 45 49
316 11 26
317 0 39
318 1 9
319 40 16
320 65 31
321 92 10
322 46 4
323 48 69
324 71 39
325 90 44
326 58 71
327 86 47
328 24 44
329 29 29
330 86 69
331 48 12
332 42 90
333 48 6
334 68 50
335 67 47
336 100 65
337 48 82
338 78 18
339 94 16
340 31 29
341 45 74
342 67 45
343 71 83
344 32 31
345 72 96
346 89 36
347 29 98
348 82 83
349 19 87
350 22 39
351 31 35
352 37 24
353 69 65
354 71 16
355 33 6
356 92 28
357 78 58
358 31 45
359 2 60
360 84 76
361 83 7
362 41 2
363 52 43
364 17 73
365 71 76
366 0 3
367 11 17
368 44 99
369 68 78
370 78 10
371 42 98
372 58 66
373 4 64
374 53 79
375 91 80
376 45 31
377 0 84
378 85 0
379 55 19
380 64 31
381 32 55
382 84 55
383 87 97
384 10 77
385 60 89
386 32 1
387 65 85
388 15 29
389 93 35
390 21 37
391 75 56
392 2 48
393 73 42
394 22 5
395 85 34
396 57 69
397 20 39
398 16 60
399 20 57
400 52 6
401 19 51
402 72 37
403 28 77
404 80 34
405 35 18
406 87 56
407 55 68
408 24 62
409 43 44
410 13 82
411 23 13
412 78 25
413 80 85
414 16 44
415 31 1
416 43 0
417 51 61
418 54 0
419 15 39
420 59 57
421 40 34
422 57 50
423 61 55
424 25 96
425 26 95
426 89 74
427 18 57
428 64 48
429 90 16
430 98 91
431 14 91
432 84 87
433 76 19
434 17 23
435 89 32
436 93 97
437 12 4
438 68 77
439 59 91
440 97 48
441 18 33
442 27 38
443 25 78
444 89 85
445 2 64
446 75 30
447 98 100
448 91 16
449 39 65
450 81 66
451 53 89
452 16 25
453 85 90
454 96 13
455 85 8
456 37 92
457 61 58
458 30 10
459 28 21
460 64 85
461 17 82
462 48 77
463 87 76
464 40 72
465 13 86
466 32 33
467 73 69
468 26 91
469 41 6
470 47 57
471 92 56
472 18 70
473 76 55
474 8 48
475 72 4
476 50 100
477 8 22
478 95 75
479 35 8
480 66 19
481 63 1
482 16 95
483 11 1
484 17 55
485 21 47
486 36 35
487 91 69
488 19 94
489 32 65
490 55 73
491 22 56
492 93 98
493 43 59
494 78 11
495 80 84
496 100 30
497 29 70
498 41 31
499 43 82
500 2 49
501 83 75
502 34 49
503 68 55
504 69 94
505 48 60
506 15 40
507 1 7
508 44 95
509 1 98
510 2 6
511 64 59
512 73 79
513 90 96
514 25 38
515 32 45
516 96 1
517 13 61
518 15 93
519 77 70
520 9 40
521 84 45
522 60 48
523 39 100
524 9 73
525 47 56
526 33 27
527 0 86
528 67 83
529 32 5
530 8 58
531 84 75
532 34 69
533 26 86
534 42 23
535 100 40
536 96 27
537 48 51
538 53 7
539 99 15
540 75 10
541 59 35
542 36 46
543 36 91
544 8 57
545 89 60
546 43 98
547 75 63
548 74 90
549 80 45
550 14 95
551 70 6
552 51 78
553 61 62
554 0 69
555 33 0
556 16 78
557 26 93
558 46 14
559 66 34
560 81 63
561 16 97
562 74 98
563 16 22
564 35 24
565 18 44
566 63 79
567 89 78
568 4 46
569 54 18
570 72 20
571 86 65
572 60 66
573 61 31
574 89 11
575 30 19
576 44 56
577 69 53
578 10 5
579 51 43
580 41 29
581 97 32
582 93 68
583 84 29
584 52 53
585 81 54
586 33 72
587 5 4
588 41 42
589 6 82
590 42 76
591 5 23
592 53 100
593 79 50
594 29 8
595 57 29
596 68 28
597 27 22
598 23 81
599 7 99
600 88 94
601 39 89
602 91 39
603 54 77
604 87 100
605 14 18
606 94 40
607 98 98
608 87 15
609 51 33
610 45 15
611 12 68
612 53 4
613 26 3
614 28 25
615 77 93
616 61 94
617 86 33
618 20 8
619 97 58
620 44 0
621 27 21
622 58 81
623 26 67
624 46 37
625 15 50
626 13 88
627 10 79
628 2 2
629 22 36
630 35 80
631 99 20
632 67 36
633 58 11
634 86 49
635 80 87
636 85 100
637 53 97
638 87 71
639 52 31
640 90 26
641 27 74
642 33 88
643 5 39
644 3 53
645 46 97
646 15 44
647 67 21
648 68 0
649 1 11
650 36 58
651 3 32
652 96 22
653 83 54
654 74 64
655 53 92
656 74 30
657 89 91
658 86 58
659 2 14
660 9 93
661 98 18
662 100 88
663 53 32
664 9 57
665 34 64
666 5 70
667 67 29
668 26 23
669 8 35
670 62 75
671 2 42
672 68 34
673 77 98
674 61 23
675 19 53
676 80 15
677 88 5
678 41 65
679 20 60
680 17 95
681 3 39
682 14 44
683 86 54
684 24 0
685 0 10
686 22 2
687 76 43
688 64 37
689 0 4
690 89 16
691 24 85
692 27 30
693 65 82
694 22 79
695 56 95
696 23 84
697 94 44
698 5 83
699 58 64
700 67 69
701 70 94
702 60 52
703 10 35
704 14 67
705 40 29
706 28 41
707 77 86
708 4 60
709 56 25
710 87 69
711 59 67
712 10 84
713 92 67
714 46 17
715 97 50
716 70 34
717 54 61
718 62 39
719 73 40
720 51 39
721 23 76
722 76 60
723 96 100
724 46 24
725 83 60
726 18 18
727 60 27
728 97 96
729 20 72
730 67 34
731 85 91
732 66 21
733 54 20
734 34 25
735 25 22
736 75 7
737 98 69
738 7 41
739 21 95
740 10 71
741 45 35
742 72 27
743 50 38
744 12 3
745 61 63
746 63 52
747 25 88
748 71 20
749 32 52
750 2 86
