100
1 55 33
2 49 17
3 89 4
4 97 44
5 76 82
6 2 59
7 68 79
8 97 6
9 90 18
10 73 77
11 88 82
12 59 31
13 99 67
14 23 42
15 78 49
16 82 73
17 87 58
18 71 14
19 19 67
20 22 39
21 14 97
22 21 41
23 29 44
24 0 72
25 60 24
26 49 70
27 38 32
28 82 89
29 23 10
30 13 8
31 43 96
32 75 92
33 36 100
34 4 75
35 11 51
36 72 47
37 52 38
38 41 55
39 56 91
40 55 38
41 84 59
42 47 46
43 39 80
44 46 99
45 81 17
46 4 22
47 95 37
48 64 30
49 36 76
50 21 59
51 16 19
52 77 79
53 74 1
54 26 24
55 65 10
56 17 24
57 54 90
58 39 4
59 95 71
60 11 24
61 53 93
62 71 1
63 85 100
64 64 39
65 73 94
66 2 42
67 5 32
68 21 10
69 48 12
70 0 12
71 36 59
72 9 29
73 82 75
74 82 65
75 70 4
76 3 54
77 77 38
78 84 22
79 47 26
80 92 40
81 62 50
82 75 82
83 75 100
84 71 65
85 34 23
86 32 78
87 5 37
88 52 68
89 44 81
90 32 32
91 71 39
92 22 35
93 58 27
94 99 52
95 6 86
96 96 36
97 5 87
98 90 44
99 78 58
100 19 30
